3

1001100
00101010011110100001010
0101001100
001010100111101000
10101001100
0010101001111010000101
00101010011110100001010
001010100111101000
010100111101000010101001100
001010100
00101010
101000010101001100
001010100111
111101000010101001100
00101
001
01000010101001100
0010101001111010000
1101000010101001100
00101010011110
0010101001111010000
000010101001100
00101010011110
001010100
01001100
001010100111
0010101001111010000101
0010101001111010000101
10100111101000010101001100
1001100
0010101001111010000101
0111101000010101001100
0100111101000010101001100
0010101
010101001100
1000010101001100
00101010011110100001
01001100
0010
001010100111
1001100
1000010101001100
11101000010101001100
001010100111101
100111101000010101001100
001010100111101000010
0101001100
01001100
10101001100
00010101001100
00101010011110100001010
01000010101001100
00101010011
00101010
001010100111101
0010
00101010011110100001
001010100111101000
0100111101000010101001100
001010100111101
00101010011110100001
1001100
00111101000010101001100
00101010
111101000010101001100
0010101001111
00101010011110100001010
11101000010101001100
010101001100
0100111101000010101001100
0010101001111
0010101001
001010
0111101000010101001100
00101010011110100001010
00101010
00010101001100
00101010011110100001010
00101
000010101001100
00101010011110100001
00101010011110
0010101001111010
010101001100
001010100
001010
0100111101000010101001100
00010101001100
000010101001100
00101
001
010100111101000010101001100
1001100
1001100
00101010011110100001
01001100
0101001100
0111101000010101001100
0010101001111
001010100111101000
0101001100
10100111101000010101001100
0101001100
00111101000010101001100
101001100
010101001100
0010101001111010000
101000010101001100
01001100
010101001100
00101010011110100001
00101010011110
0111101000010101001100
111101000010101001100
1000010101001100
0101001100
0010101001111
0111101000010101001100
00101
0010101001111
0010101001111010
01000010101001100
0010101001111010
001100
0010101001111
100111101000010101001100
1000010101001100
101000010101001100
1001100
001010100111101000
01000010101001100
01000010101001100
0100111101000010101001100
0010101
0010101001111010000101
001010100111
001010100111101000010101
00101010
00101010011110100001010
101000010101001100
10101001100
01000010101001100
00101
0010101001

00111110100010010
01000100100101010000110
01010000110
001111101
10000110
0011111010001
0100101010000110
00101010000110
001111101000100100
0011111010001
100101010000110
0000110
0011111010001001001010
00111
0011111010001001
0011111010
111101000100100101010000110
00111110100010010010101
00111110100010010010
101000100100101010000110
00100101010000110
0011111010
00111
0011111010001001
01000100100101010000110
0011111010001001
0011111010001
1000100100101010000110
00101010000110
00101010000110
0101010000110
101000100100101010000110
100101010000110
1101000100100101010000110
101000100100101010000110
010000110
101000100100101010000110
0011111
0011111010001
101010000110
001111101000100100101
01010000110
0011111
00111110100010010010101
0100101010000110
00101010000110
001111
0011111010001001
01010000110
010000110
101000100100101010000110
00100101010000110
001111101000100100101
0011111010001
111101000100100101010000110
1010000110
1000100100101010000110
001111101000
00111110100010010010101
1010000110
001
10000110
01000100100101010000110
00111
0011111
0011111010001001001010
001111101000100100101
00111110
01010000110
0011111010001001001
001111101000
01010000110
1010000110
001111101000100100101
0011111010001001001010
0000110
00111110100010010010
00111110
00101010000110
001111101000100100101010
0011111010001001
00101010000110
010000110
010000110
00111110100010
00111
00101010000110
0011111010001001001
0011111010001001001
1101000100100101010000110
10000110
101010000110
001111
00111110100010010010
1101000100100101010000110
0100101010000110
00100100101010000110
000110
10000110
00100101010000110
101010000110
001111101000100
001111101000100100101
0011111010001001
0011111010001001001010
11101000100100101010000110
00100101010000110
0011111
00100100101010000110
00111110
010000110
1101000100100101010000110
001111101000100100
100100101010000110
01000100100101010000110
0011
001111
01010000110
0000110
1000100100101010000110
001111101000100100101
0011111010001001001
10000110
0011111010001001001
0101010000110
00100101010000110
0011111010001001
001111
00111110100010
001111
0011111010001001001010
100100101010000110
00111110100010010
001111101
000110
001111101000100100
0011111010001001001
000100100101010000110
000100100101010000110
001111101000100100101010
010000110
001111101000100
001
00111110100010

101000001
0010110010
1010000011110000
101000001
100010110010
10100000111100000010
11000000100010110010
110010
010110010
10100000111100
100010110010
00000100010110010
000001111000000100010110010
10100000111100000010001
11000000100010110010
100010110010
0010110010
000001111000000100010110010
101000001111000000
1010
10100000111100000
01111000000100010110010
010110010
1010000011110000001000
0100010110010
1010000011110000
10110010
101
001111000000100010110010
1111000000100010110010
1010000011
1010000011110
11000000100010110010
101000001111000000100
00001111000000100010110010
101000001
10100000111100000010
10100000111100000
10100000
00001111000000100010110010
101
0000100010110010
01111000000100010110010
10100000111100000
0100010110010
000001111000000100010110010
101000001111
00001111000000100010110010
0001111000000100010110010
1010000011110000001000
000000100010110010
0100010110010
101000001111
000000100010110010
00100010110010
1010000011110
1010000011110
000001111000000100010110010
101000001111000000
100010110010
1010
10110010
0000100010110010
10100000111100000
00100010110010
0000100010110010
1000000100010110010
101000001111000000
10110010
10100000111100000010001
100010110010
0100010110010
101000001
111000000100010110010
1010000
10100000111
00100010110010
101000001111000000100010
000000100010110010
101000001
101000001111000000100
10100000111100
0100010110010
101
1010
1010000011110000001000
000000100010110010
101000
10100000111100000010001
10100
000001111000000100010110010
00000100010110010
010110010
1010
1010000011
100010110010
10100000111
101
101000001111000000
111000000100010110010
101000001111
111000000100010110010
101000001111
101000001111000000100
1010000011110000001000
11000000100010110010
0110010
1010000
10100000111100000010001
111000000100010110010
10100000111100
1111000000100010110010
1000000100010110010
00000100010110010
100010110010
0110010
0110010
1010
10110010
1000000100010110010
101000001111000000
10100000111
00001111000000100010110010
1010000011
1111000000100010110010
101000001111000000
00100010110010
10100000
101000001111000000100
10100000
0110010
101
111000000100010110010
000001111000000100010110010
00001111000000100010110010
10100000111100000
1010000011110000
0000100010110010
010110010
1010000011
1010000011110000
101000001111000000
10100000111100
101
